Classifier algorithm: custom_net
Classifier accuracy: 85.800000%

o\p    0     1     2     3     4     5     6     7     8     9
0:   966     0     3     1     0     4     5     1     0     0
1:     0  1123     1     4     0     2     4     1     0     0
2:    13     7   962    14     3     7    10    11     0     5
3:     5     1     8   959     1    19     1     8     0     8
4:     2     4     3     1   924     2    10     2     0    34
5:     8     2     2    15     1   848     9     1     0     6
6:    15     3     1     1     4     7   925     1     0     1
7:     2    15    21     4     4     3     1   962     0    16
8:    50    67    86   204    41   256    49    35     0   186
9:    10     9     1    15    23    13     2    25     0   911

    precision           recall          f1 score
0:      0.902            0.986             0.942
1:      0.912            0.989             0.949
2:      0.884            0.932             0.908
3:      0.787            0.950             0.861
4:      0.923            0.941             0.932
5:      0.730            0.951             0.826
6:      0.910            0.966             0.937
7:      0.919            0.936             0.927
8:      0.000            0.000             0.000
9:      0.781            0.903             0.837


Classifier algorithm: tf_net
Classifier accuracy: 97.750000%

o\p    0     1     2     3     4     5     6     7     8     9
0:   971     0     0     0     0     0     3     1     5     0
1:     0  1120     3     2     0     0     2     1     7     0
2:     3     1  1012     0     1     0     1     5     7     2
3:     0     0     9   979     0     5     0     5    11     1
4:     1     0     2     0   962     0     5     1     1    10
5:     3     0     1     7     0   859     7     3     8     4
6:     4     3     1     1     1     4   938     0     6     0
7:     1     1     7     1     2     0     0  1010     2     4
8:     5     0     1     1     4     0     1     3   955     4
9:     4     2     0     5    10     0     1     5    13   969

    precision           recall          f1 score
0:      0.979            0.991             0.985
1:      0.994            0.987             0.990
2:      0.977            0.981             0.979
3:      0.983            0.969             0.976
4:      0.982            0.980             0.981
5:      0.990            0.963             0.976
6:      0.979            0.979             0.979
7:      0.977            0.982             0.980
8:      0.941            0.980             0.960
9:      0.975            0.960             0.968
